1010 1010 0
1010 1012 4515
1010 1013 4168
1010 1014 3786
1010 1017 3600
1010 1019 2889
1010 1020 4043
1010 1023 2650
1010 1024 5037
1010 1029 3000
1010 1031 3058
1010 1032 2005
1010 1033 2080
1010 1035 3215
1010 1037 2089
1010 1038 3467
1010 1040 999
1010 1043 2085
1010 1046 3609
1010 1047 4511
1010 1048 1156
1010 1049 1730
1010 1052 1535
1010 1056 998
1010 1058 3217
1010 1065 2889
1010 1066 2522
1010 1071 3219
1010 1072 1534
1010 1073 4165
1010 1074 2649
1010 1075 1738
1010 1077 2087
1010 1078 3604
1010 1081 4004
1010 1082 4044
1010 1084 4363
1010 1089 2521
1010 1090 4046
1010 1091 4356
1010 1094 4727
1012 1010 4515
1012 1012 0
1012 1013 1001
1012 1014 1997
1012 1017 3511
1012 1019 2647
1012 1020 999
1012 1023 2881
1012 1024 993
1012 1029 1532
1012 1031 1732
1012 1032 2518
1012 1033 3465
1012 1035 2081
1012 1037 2515
1012 1038 2085
1012 1040 4047
1012 1043 3219
1012 1046 1158
1012 1047 571
1012 1048 3515
1012 1049 3219
1012 1052 2999
1012 1056 5134
1012 1058 1736
1012 1065 2311
1012 1066 2080
1012 1071 3056
1012 1072 3054
1012 1073 1525
1012 1074 2311
1012 1075 3054
1012 1077 2646
1012 1078 1529
1012 1081 576
1012 1082 581
1012 1084 1530
1012 1089 2001
1012 1090 2007
1012 1091 2082
1012 1094 1725
1013 1010 4168
1013 1012 1001
1013 1013 0
1013 1014 2641
1013 1017 4038
1013 1019 3000
1013 1020 1730
1013 1023 2075
1013 1024 1994
1013 1029 1529
1013 1031 1997
1013 1032 2309
1013 1033 3604
1013 1035 2514
1013 1037 2078
1013 1038 1156
1013 1040 3516
1013 1043 2519
1013 1046 577
1013 1047 1522
1013 1048 3057
1013 1049 3216
1013 1052 2642
1013 1056 4934
1013 1058 1002
1013 1065 1528
1013 1066 2078
1013 1071 3513
1013 1072 2884
1013 1073 2306
1013 1074 2517
1013 1075 2514
1013 1077 2645
1013 1078 2080
1013 1081 1151
1013 1082 575
1013 1084 579
1013 1089 1732
1013 1090 1006
1013 1091 2886
1013 1094 2639
1014 1010 3786
1014 1012 1997
1014 1013 2641
1014 1014 0
1014 1017 1529
1014 1019 999
1014 1020 997
1014 1023 3500
1014 1024 1734
1014 1029 1524
1014 1031 997
1014 1032 2076
1014 1033 2000
1014 1035 577
1014 1037 2512
1014 1038 3211
1014 1040 3784
1014 1043 3510
1014 1046 2306
1014 1047 1527
1014 1048 3211
1014 1049 2083
1014 1052 2640
1014 1056 4040
1014 1058 2643
1014 1065 3049
1014 1066 1523
1014 1071 1155
1014 1072 2303
1014 1073 576
1014 1074 1151
1014 1075 3049
1014 1077 1727
1014 1078 575
1014 1081 1527
1014 1082 2079
1014 1084 3212
1014 1089 1992
1014 1090 3465
1014 1091 575
1014 1094 1000
1017 1010 3600
1017 1012 3511
1017 1013 4038
1017 1014 1529
1017 1017 0
1017 1019 1148
1017 1020 2515
1017 1023 4347
1017 1024 3219
1017 1029 2641
1017 1031 2080
1017 1032 2637
1017 1033 1523
1017 1035 1526
1017 1037 3209
1017 1038 4354
1017 1040 3993
1017 1043 4159
1017 1046 3603
1017 1047 3057
1017 1048 3503
1017 1049 1996
1017 1052 3048
1017 1056 3457
1017 1058 3782
1017 1065 4035
1017 1066 2306
1017 1071 569
1017 1072 2507
1017 1073 2082
1017 1074 1725
1017 1075 3598
1017 1077 2073
1017 1078 1998
1017 1081 3000
1017 1082 3510
1017 1084 4581
1017 1089 2878
1017 1090 4726
1017 1091 1729
1017 1094 2314
1019 1010 2889
1019 1012 2647
1019 1013 3000
1019 1014 999
1019 1017 1148
1019 1019 0
1019 1020 1732
1019 1023 3209
1019 1024 2648
1019 1029 1527
1019 1031 1002
1019 1032 1526
1019 1033 1001
1019 1035 578
1019 1037 2083
1019 1038 3215
1019 1040 3056
1019 1043 3058
1019 1046 2518
1019 1047 2311
1019 1048 2516
1019 1049 1159
1019 1052 1999
1019 1056 3055
1019 1058 2648
1019 1065 2886
1019 1066 1157
1019 1071 578
1019 1072 1525
1019 1073 1527
1019 1074 577
1019 1075 2516
1019 1077 998
1019 1078 1153
1019 1081 2085
1019 1082 2517
1019 1084 3514
1019 1089 1730
1019 1090 3610
1019 1091 1521
1019 1094 2000
1020 1010 4043
1020 1012 999
1020 1013 1730
1020 1014 997
1020 1017 2515
1020 1019 1732
1020 1020 0
1020 1023 3045
1020 1024 1002
1020 1029 1155
1020 1031 998
1020 1032 2078
1020 1033 2645
1020 1035 1154
1020 1037 2305
1020 1038 2515
1020 1040 3787
1020 1043 3215
1020 1046 1527
1020 1047 579
1020 1048 3213
1020 1049 2518
1020 1052 2641
1020 1056 4508
1020 1058 2000
1020 1065 2513
1020 1066 1523
1020 1071 2081
1020 1072 2511
1020 1073 576
1020 1074 1526
1020 1075 2882
1020 1077 1996
1020 1078 579
1020 1081 578
1020 1082 1154
1020 1084 2309
1020 1089 1727
1020 1090 2649
1020 1091 1155
1020 1094 996
1023 1010 2650
1023 1012 2881
1023 1013 2075
1023 1014 3500
1023 1017 4347
1023 1019 3209
1023 1020 3045
1023 1023 0
1023 1024 3775
1023 1029 1991
1023 1031 2507
1023 1032 1728
1023 1033 3207
1023 1035 3045
1023 1037 1147
1023 1038 993
1023 1040 1739
1023 1043 580
1023 1046 1723
1023 1047 3203
1023 1048 1530
1023 1049 2640
1023 1052 1522
1023 1056 3607
1023 1058 1144
1023 1065 570
1023 1066 2074
1023 1071 3782
1023 1072 2078
1023 1073 3501
1023 1074 2640
1023 1075 997
1023 1077 2305
1023 1078 2988
1023 1081 2636
1023 1082 2300
1023 1084 1994
1023 1089 1524
1023 1090 1521
1023 1091 3989
1023 1094 4029
1024 1010 5037
1024 1012 993
1024 1013 1994
1024 1014 1734
1024 1017 3219
1024 1019 2648
1024 1020 1002
1024 1023 3775
1024 1024 0
1024 1029 2083
1024 1031 2000
1024 1032 3053
1024 1033 3608
1024 1035 2084
1024 1037 3210
1024 1038 3052
1024 1040 4727
1024 1043 4041
1024 1046 2079
1024 1047 578
1024 1048 4163
1024 1049 3516
1024 1052 3601
1024 1056 5509
1024 1058 2644
1024 1065 3211
1024 1066 2514
1024 1071 2889
1024 1072 3508
1024 1073 1157
1024 1074 2518
1024 1075 3781
1024 1077 2999
1024 1078 1532
1024 1081 1153
1024 1082 1525
1024 1084 2513
1024 1089 2642
1024 1090 3000
1024 1091 1535
1024 1094 1000
1029 1010 3000
1029 1012 1532
1029 1013 1529
1029 1014 1524
1029 1017 2641
1029 1019 1527
1029 1020 1155
1029 1023 1991
1029 1024 2083
1029 1029 0
1029 1031 575
1029 1032 995
1029 1033 2078
1029 1035 1151
1029 1037 1149
1029 1038 1732
1029 1040 2645
1029 1043 2082
1029 1046 1002
1029 1047 1528
1029 1048 2079
1029 1049 1731
1029 1052 1521
1029 1056 3603
1029 1058 1156
1029 1065 1525
1029 1066 571
1029 1071 2082
1029 1072 1521
1029 1073 1527
1029 1074 999
1029 1075 1726
1029 1077 1151
1029 1078 997
1029 1081 1003
1029 1082 1156
1029 1084 2003
1029 1089 572
1029 1090 2086
1029 1091 1998
1029 1094 2079
1031 1010 3058
1031 1012 1732
1031 1013 1997
1031 1014 997
1031 1017 2080
1031 1019 1002
1031 1020 998
1031 1023 2507
1031 1024 2000
1031 1029 575
1031 1031 0
1031 1032 1152
1031 1033 1733
1031 1035 576
1031 1037 1525
1031 1038 2307
1031 1040 2888
1031 1043 2518
1031 1046 1526
1031 1047 1526
1031 1048 2309
1031 1049 1531
1031 1052 1729
1031 1056 3513
1031 1058 1731
1031 1065 2078
1031 1066 575
1031 1071 1531
1031 1072 1524
1031 1073 1153
1031 1074 579
1031 1075 2078
1031 1077 998
1031 1078 573
1031 1081 1155
1031 1082 1525
1031 1084 2516
1031 1089 995
1031 1090 2648
1031 1091 1524
1031 1094 1729
1032 1010 2005
1032 1012 2518
1032 1013 2309
1032 1014 2076
1032 1017 2637
1032 1019 1526
1032 1020 2078
1032 1023 1728
1032 1024 3053
1032 1029 995
1032 1031 1152
1032 1032 0
1032 1033 1523
1032 1035 1522
1032 1037 580
1032 1038 2001
1032 1040 1736
1032 1043 1532
1032 1046 1732
1032 1047 2513
1032 1048 1156
1032 1049 999
1032 1052 576
1032 1056 2647
1032 1058 1528
1032 1065 1527
1032 1066 576
1032 1071 2082
1032 1072 574
1032 1073 2305
1032 1074 998
1032 1075 1000
1032 1077 577
1032 1078 1725
1032 1081 1999
1032 1082 2080
1032 1084 2647
1032 1089 576
1032 1090 2520
1032 1091 2639
1032 1094 2882
1033 1010 2080
1033 1012 3465
1033 1013 3604
1033 1014 2000
1033 1017 1523
1033 1019 1001
1033 1020 2645
1033 1023 3207
1033 1024 3608
1033 1029 2078
1033 1031 1733
1033 1032 1523
1033 1033 0
1033 1035 1527
1033 1037 2081
1033 1038 3509
1033 1040 2512
1033 1043 2885
1033 1046 3054
1033 1047 3215
1033 1048 2076
1033 1049 576
1033 1052 1729
1033 1056 2079
1033 1058 2998
1033 1065 3051
1033 1066 1529
1033 1071 1160
1033 1072 1150
1033 1073 2517
1033 1074 1153
1033 1075 2306
1033 1077 997
1033 1078 2079
1033 1081 2888
1033 1082 3213
1033 1084 4041
1033 1089 1996
1033 1090 4001
1033 1091 2512
1033 1094 3001
1035 1010 3215
1035 1012 2081
1035 1013 2514
1035 1014 577
1035 1017 1526
1035 1019 578
1035 1020 1154
1035 1023 3045
1035 1024 2084
1035 1029 1151
1035 1031 576
1035 1032 1522
1035 1033 1527
1035 1035 0
1035 1037 1996
1035 1038 2884
1035 1040 3213
1035 1043 2999
1035 1046 2080
1035 1047 1733
1035 1048 2642
1035 1049 1529
1035 1052 2076
1035 1056 3510
1035 1058 2308
1035 1065 2641
1035 1066 996
1035 1071 1002
1035 1072 1725
1035 1073 1000
1035 1074 574
1035 1075 2511
1035 1077 1149
1035 1078 574
1035 1081 1529
1035 1082 1998
1035 1084 3054
1035 1089 1520
1035 1090 3216
1035 1091 1152
1035 1094 1528
1037 1010 2089
1037 1012 2515
1037 1013 2078
1037 1014 2512
1037 1017 3209
1037 1019 2083
1037 1020 2305
1037 1023 1147
1037 1024 3210
1037 1029 1149
1037 1031 1525
1037 1032 580
1037 1033 2081
1037 1035 1996
1037 1037 0
1037 1038 1523
1037 1040 1534
1037 1043 1003
1037 1046 1523
1037 1047 2640
1037 1048 1005
1037 1049 1529
1037 1052 578
1037 1056 2891
1037 1058 1150
1037 1065 995
1037 1066 999
1037 1071 2649
1037 1072 1002
1037 1073 2641
1037 1074 1528
1037 1075 577
1037 1077 1157
1037 1078 2075
1037 1081 2078
1037 1082 1995
1037 1084 2306
1037 1089 577
1037 1090 2080
1037 1091 3050
1037 1094 3209
1038 1010 3467
1038 1012 2085
1038 1013 1156
1038 1014 3211
1038 1017 4354
1038 1019 3215
1038 1020 2515
1038 1023 993
1038 1024 3052
1038 1029 1732
1038 1031 2307
1038 1032 2001
1038 1033 3509
1038 1035 2884
1038 1037 1523
1038 1038 0
1038 1040 2649
1038 1043 1527
1038 1046 999
1038 1047 2513
1038 1048 2311
1038 1049 3000
1038 1052 2078
1038 1056 4359
1038 1058 576
1038 1065 577
1038 1066 2079
1038 1071 3788
1038 1072 2515
1038 1073 3053
1038 1074 2647
1038 1075 1729
1038 1077 2517
1038 1078 2643
1038 1081 1998
1038 1082 1526
1038 1084 1000
1038 1089 1530
1038 1090 578
1038 1091 3604
1038 1094 3507
1040 1010 999
1040 1012 4047
1040 1013 3516
1040 1014 3784
1040 1017 3993
1040 1019 3056
1040 1020 3787
1040 1023 1739
1040 1024 4727
1040 1029 2645
1040 1031 2888
1040 1032 1736
1040 1033 2512
1040 1035 3213
1040 1037 1534
1040 1038 2649
1040 1040 0
1040 1043 1158
1040 1046 3003
1040 1047 4164
1040 1048 579
1040 1049 1996
1040 1052 1159
1040 1056 1997
1040 1058 2519
1040 1065 2085
1040 1066 2313
1040 1071 3515
1040 1072 1531
1040 1073 4041
1040 1074 2647
1040 1075 1006
1040 1077 2085
1040 1078 3461
1040 1081 3608
1040 1082 3514
1040 1084 3610
1040 1089 2086
1040 1090 3218
1040 1091 4356
1040 1094 4618
1043 1010 2085
1043 1012 3219
1043 1013 2519
1043 1014 3510
1043 1017 4159
1043 1019 3058
1043 1020 3215
1043 1023 580
1043 1024 4041
1043 1029 2082
1043 1031 2518
1043 1032 1532
1043 1033 2885
1043 1035 2999
1043 1037 1003
1043 1038 1527
1043 1040 1158
1043 1043 0
1043 1046 2083
1043 1047 3463
1043 1048 1003
1043 1049 2309
1043 1052 1156
1043 1056 3057
1043 1058 1527
1043 1065 1001
1043 1066 2002
1043 1071 3610
1043 1072 1735
1043 1073 3605
1043 1074 2520
1043 1075 579
1043 1077 2086
1043 1078 3053
1043 1081 2888
1043 1082 2646
1043 1084 2518
1043 1089 1533
1043 1090 2082
1043 1091 4040
1043 1094 4161
1046 1010 3609
1046 1012 1158
1046 1013 577
1046 1014 2306
1046 1017 3603
1046 1019 2518
1046 1020 1527
1046 1023 1723
1046 1024 2079
1046 1029 1002
1046 1031 1526
1046 1032 1732
1046 1033 3054
1046 1035 2080
1046 1037 1523
1046 1038 999
1046 1040 3003
1046 1043 2083
1046 1046 0
1046 1047 1524
1046 1048 2518
1046 1049 2648
1046 1052 2078
1046 1056 4360
1046 1058 578
1046 1065 1153
1046 1066 1525
1046 1071 3058
1046 1072 2307
1046 1073 2080
1046 1074 2002
1046 1075 1996
1046 1077 2082
1046 1078 1731
1046 1081 999
1046 1082 576
1046 1084 1000
1046 1089 1155
1046 1090 1158
1046 1091 2646
1046 1094 2512
1047 1010 4511
1047 1012 571
1047 1013 1522
1047 1014 1527
1047 1017 3057
1047 1019 2311
1047 1020 579
1047 1023 3203
1047 1024 578
1047 1029 1528
1047 1031 1526
1047 1032 2513
1047 1033 3215
1047 1035 1733
1047 1037 2640
1047 1038 2513
1047 1040 4164
1047 1043 3463
1047 1046 1524
1047 1047 0
1047 1048 3604
1047 1049 3058
1047 1052 3050
1047 1056 5033
1047 1058 2080
1047 1065 2641
1047 1066 1996
1047 1071 2648
1047 1072 2995
1047 1073 1001
1047 1074 2082
1047 1075 3209
1047 1077 2514
1047 1078 1158
1047 1081 574
1047 1082 997
1047 1084 2078
1047 1089 2077
1047 1090 2517
1047 1091 1533
1047 1094 1153
1048 1010 1156
1048 1012 3515
1048 1013 3057
1048 1014 3211
1048 1017 3503
1048 1019 2516
1048 1020 3213
1048 1023 1530
1048 1024 4163
1048 1029 2079
1048 1031 2309
1048 1032 1156
1048 1033 2076
1048 1035 2642
1048 1037 1005
1048 1038 2311
1048 1040 579
1048 1043 1003
1048 1046 2518
1048 1047 3604
1048 1048 0
1048 1049 1522
1048 1052 579
1048 1056 2080
1048 1058 2082
1048 1065 1733
1048 1066 1733
1048 1071 3001
1048 1072 1001
1048 1073 3462
1048 1074 2081
1048 1075 582
1048 1077 1529
1048 1078 2882
1048 1081 3056
1048 1082 3000
1048 1084 3217
1048 1089 1530
1048 1090 2890
1048 1091 3781
1048 1094 4038
1049 1010 1730
1049 1012 3219
1049 1013 3216
1049 1014 2083
1049 1017 1996
1049 1019 1159
1049 1020 2518
1049 1023 2640
1049 1024 3516
1049 1029 1731
1049 1031 1531
1049 1032 999
1049 1033 576
1049 1035 1529
1049 1037 1529
1049 1038 3000
1049 1040 1996
1049 1043 2309
1049 1046 2648
1049 1047 3058
1049 1048 1522
1049 1049 0
1049 1052 1153
1049 1056 1996
1049 1058 2517
1049 1065 2514
1049 1066 1159
1049 1071 1534
1049 1072 574
1049 1073 2519
1049 1074 1003
1049 1075 1730
1049 1077 580
1049 1078 1999
1049 1081 2650
1049 1082 2888
1049 1084 3608
1049 1089 1527
1049 1090 3515
1049 1091 2644
1049 1094 3058
1052 1010 1535
1052 1012 2999
1052 1013 2642
1052 1014 2640
1052 1017 3048
1052 1019 1999
1052 1020 2641
1052 1023 1522
1052 1024 3601
1052 1029 1521
1052 1031 1729
1052 1032 576
1052 1033 1729
1052 1035 2076
1052 1037 578
1052 1038 2078
1052 1040 1159
1052 1043 1156
1052 1046 2078
1052 1047 3050
1052 1048 579
1052 1049 1153
1052 1052 0
1052 1056 2313
1052 1058 1728
1052 1065 1523
1052 1066 1153
1052 1071 2518
1052 1072 578
1052 1073 2882
1052 1074 1526
1052 1075 576
1052 1077 1001
1052 1078 2302
1052 1081 2513
1052 1082 2512
1052 1084 2884
1052 1089 997
1052 1090 2644
1052 1091 3207
1052 1094 3458
1056 1010 998
1056 1012 5134
1056 1013 4934
1056 1014 4040
1056 1017 3457
1056 1019 3055
1056 1020 4508
1056 1023 3607
1056 1024 5509
1056 1029 3603
1056 1031 3513
1056 1032 2647
1056 1033 2079
1056 1035 3510
1056 1037 2891
1056 1038 4359
1056 1040 1997
1056 1043 3057
1056 1046 4360
1056 1047 5033
1056 1048 2080
1056 1049 1996
1056 1052 2313
1056 1056 0
1056 1058 4042
1056 1065 3786
1056 1066 3058
1056 1071 3217
1056 1072 2085
1056 1073 4508
1056 1074 3000
1056 1075 2649
1056 1077 2518
1056 1078 3996
1056 1081 4584
1056 1082 4726
1056 1084 5198
1056 1089 3215
1056 1090 4935
1056 1091 4577
1056 1094 5033
1058 1010 3217
1058 1012 1736
1058 1013 1002
1058 1014 2643
1058 1017 3782
1058 1019 2648
1058 1020 2000
1058 1023 1144
1058 1024 2644
1058 1029 1156
1058 1031 1731
1058 1032 1528
1058 1033 2998
1058 1035 2308
1058 1037 1150
1058 1038 576
1058 1040 2519
1058 1043 1527
1058 1046 578
1058 1047 2080
1058 1048 2082
1058 1049 2517
1058 1052 1728
1058 1056 4042
1058 1058 0
1058 1065 574
1058 1066 1526
1058 1071 3218
1058 1072 2079
1058 1073 2516
1058 1074 2083
1058 1075 1523
1058 1077 2001
1058 1078 2080
1058 1081 1528
1058 1082 1155
1058 1084 1156
1058 1089 1002
1058 1090 1002
1058 1091 3055
1058 1094 2997
1065 1010 2889
1065 1012 2311
1065 1013 1528
1065 1014 3049
1065 1017 4035
1065 1019 2886
1065 1020 2513
1065 1023 570
1065 1024 3211
1065 1029 1525
1065 1031 2078
1065 1032 1527
1065 1033 3051
1065 1035 2641
1065 1037 995
1065 1038 577
1065 1040 2085
1065 1043 1001
1065 1046 1153
1065 1047 2641
1065 1048 1733
1065 1049 2514
1065 1052 1523
1065 1056 3786
1065 1058 574
1065 1065 0
1065 1066 1729
1065 1071 3465
1065 1072 1997
1065 1073 2996
1065 1074 2309
1065 1075 1151
1065 1077 2081
1065 1078 2511
1065 1081 2079
1065 1082 1730
1065 1084 1528
1065 1089 1156
1065 1090 1156
1065 1091 3508
1065 1094 3506
1066 1010 2522
1066 1012 2080
1066 1013 2078
1066 1014 1523
1066 1017 2306
1066 1019 1157
1066 1020 1523
1066 1023 2074
1066 1024 2514
1066 1029 571
1066 1031 575
1066 1032 576
1066 1033 1529
1066 1035 996
1066 1037 999
1066 1038 2079
1066 1040 2313
1066 1043 2002
1066 1046 1525
1066 1047 1996
1066 1048 1733
1066 1049 1159
1066 1052 1153
1066 1056 3058
1066 1058 1526
1066 1065 1729
1066 1066 0
1066 1071 1736
1066 1072 999
1066 1073 1728
1066 1074 580
1066 1075 1525
1066 1077 579
1066 1078 1148
1066 1081 1526
1066 1082 1728
1066 1084 2515
1066 1089 572
1066 1090 2518
1066 1091 2076
1066 1094 2305
1071 1010 3219
1071 1012 3056
1071 1013 3513
1071 1014 1155
1071 1017 569
1071 1019 578
1071 1020 2081
1071 1023 3782
1071 1024 2889
1071 1029 2082
1071 1031 1531
1071 1032 2082
1071 1033 1160
1071 1035 1002
1071 1037 2649
1071 1038 3788
1071 1040 3515
1071 1043 3610
1071 1046 3058
1071 1047 2648
1071 1048 3001
1071 1049 1534
1071 1052 2518
1071 1056 3217
1071 1058 3218
1071 1065 3465
1071 1066 1736
1071 1071 0
1071 1072 2000
1071 1073 1732
1071 1074 1156
1071 1075 3056
1071 1077 1528
1071 1078 1527
1071 1081 2520
1071 1082 3001
1071 1084 4044
1071 1089 2308
1071 1090 4169
1071 1091 1520
1071 1094 2082
1072 1010 1534
1072 1012 3054
1072 1013 2884
1072 1014 2303
1072 1017 2507
1072 1019 1525
1072 1020 2511
1072 1023 2078
1072 1024 3508
1072 1029 1521
1072 1031 1524
1072 1032 574
1072 1033 1150
1072 1035 1725
1072 1037 1002
1072 1038 2515
1072 1040 1531
1072 1043 1735
1072 1046 2307
1072 1047 2995
1072 1048 1001
1072 1049 574
1072 1052 578
1072 1056 2085
1072 1058 2079
1072 1065 1997
1072 1066 999
1072 1071 2000
1072 1072 0
1072 1073 2640
1072 1074 1151
1072 1075 1155
1072 1077 576
1072 1078 2073
1072 1081 2514
1072 1082 2642
1072 1084 3213
1072 1089 1151
1072 1090 3056
1072 1091 2878
1072 1094 3209
1073 1010 4165
1073 1012 1525
1073 1013 2306
1073 1014 576
1073 1017 2082
1073 1019 1527
1073 1020 576
1073 1023 3501
1073 1024 1157
1073 1029 1527
1073 1031 1153
1073 1032 2305
1073 1033 2517
1073 1035 1000
1073 1037 2641
1073 1038 3053
1073 1040 4041
1073 1043 3605
1073 1046 2080
1073 1047 1001
1073 1048 3462
1073 1049 2519
1073 1052 2882
1073 1056 4508
1073 1058 2516
1073 1065 2996
1073 1066 1728
1073 1071 1732
1073 1072 2640
1073 1073 0
1073 1074 1526
1073 1075 3210
1073 1077 2078
1073 1078 579
1073 1081 1154
1073 1082 1730
1073 1084 2885
1073 1089 2076
1073 1090 3217
1073 1091 579
1073 1094 576
1074 1010 2649
1074 1012 2311
1074 1013 2517
1074 1014 1151
1074 1017 1725
1074 1019 577
1074 1020 1526
1074 1023 2640
1074 1024 2518
1074 1029 999
1074 1031 579
1074 1032 998
1074 1033 1153
1074 1035 574
1074 1037 1528
1074 1038 2647
1074 1040 2647
1074 1043 2520
1074 1046 2002
1074 1047 2082
1074 1048 2081
1074 1049 1003
1074 1052 1526
1074 1056 3000
1074 1058 2083
1074 1065 2309
1074 1066 580
1074 1071 1156
1074 1072 1151
1074 1073 1526
1074 1074 0
1074 1075 1999
1074 1077 575
1074 1078 996
1074 1081 1734
1074 1082 2082
1074 1084 3002
1074 1089 1152
1074 1090 3060
1074 1091 1726
1074 1094 2080
1075 1010 1738
1075 1012 3054
1075 1013 2514
1075 1014 3049
1075 1017 3598
1075 1019 2516
1075 1020 2882
1075 1023 997
1075 1024 3781
1075 1029 1726
1075 1031 2078
1075 1032 1000
1075 1033 2306
1075 1035 2511
1075 1037 577
1075 1038 1729
1075 1040 1006
1075 1043 579
1075 1046 1996
1075 1047 3209
1075 1048 582
1075 1049 1730
1075 1052 576
1075 1056 2649
1075 1058 1523
1075 1065 1151
1075 1066 1525
1075 1071 3056
1075 1072 1155
1075 1073 3210
1075 1074 1999
1075 1075 0
1075 1077 1528
1075 1078 2639
1075 1081 2642
1075 1082 2512
1075 1084 2643
1075 1089 1154
1075 1090 2307
1075 1091 3599
1075 1094 3780
1077 1010 2087
1077 1012 2646
1077 1013 2645
1077 1014 1727
1077 1017 2073
1077 1019 998
1077 1020 1996
1077 1023 2305
1077 1024 2999
1077 1029 1151
1077 1031 998
1077 1032 577
1077 1033 997
1077 1035 1149
1077 1037 1157
1077 1038 2517
1077 1040 2085
1077 1043 2086
1077 1046 2082
1077 1047 2514
1077 1048 1529
1077 1049 580
1077 1052 1001
1077 1056 2518
1077 1058 2001
1077 1065 2081
1077 1066 579
1077 1071 1528
1077 1072 576
1077 1073 2078
1077 1074 575
1077 1075 1528
1077 1077 0
1077 1078 1521
1077 1081 2082
1077 1082 2308
1077 1084 3056
1077 1089 998
1077 1090 3004
1077 1091 2302
1077 1094 2641
1078 1010 3604
1078 1012 1529
1078 1013 2080
1078 1014 575
1078 1017 1998
1078 1019 1153
1078 1020 579
1078 1023 2988
1078 1024 1532
1078 1029 997
1078 1031 573
1078 1032 1725
1078 1033 2079
1078 1035 574
1078 1037 2075
1078 1038 2643
1078 1040 3461
1078 1043 3053
1078 1046 1731
1078 1047 1158
1078 1048 2882
1078 1049 1999
1078 1052 2302
1078 1056 3996
1078 1058 2080
1078 1065 2511
1078 1066 1148
1078 1071 1527
1078 1072 2073
1078 1073 579
1078 1074 996
1078 1075 2639
1078 1077 1521
1078 1078 0
1078 1081 1002
1078 1082 1527
1078 1084 2646
1078 1089 1520
1078 1090 2889
1078 1091 1001
1078 1094 1156
1081 1010 4004
1081 1012 576
1081 1013 1151
1081 1014 1527
1081 1017 3000
1081 1019 2085
1081 1020 578
1081 1023 2636
1081 1024 1153
1081 1029 1003
1081 1031 1155
1081 1032 1999
1081 1033 2888
1081 1035 1529
1081 1037 2078
1081 1038 1998
1081 1040 3608
1081 1043 2888
1081 1046 999
1081 1047 574
1081 1048 3056
1081 1049 2650
1081 1052 2513
1081 1056 4584
1081 1058 1528
1081 1065 2079
1081 1066 1526
1081 1071 2520
1081 1072 2514
1081 1073 1154
1081 1074 1734
1081 1075 2642
1081 1077 2082
1081 1078 1002
1081 1081 0
1081 1082 575
1081 1084 1730
1081 1089 1525
1081 1090 2084
1081 1091 1734
1081 1094 1524
1082 1010 4044
1082 1012 581
1082 1013 575
1082 1014 2079
1082 1017 3510
1082 1019 2517
1082 1020 1154
1082 1023 2300
1082 1024 1525
1082 1029 1156
1082 1031 1525
1082 1032 2080
1082 1033 3213
1082 1035 1998
1082 1037 1995
1082 1038 1526
1082 1040 3514
1082 1043 2646
1082 1046 576
1082 1047 997
1082 1048 3000
1082 1049 2888
1082 1052 2512
1082 1056 4726
1082 1058 1155
1082 1065 1730
1082 1066 1728
1082 1071 3001
1082 1072 2642
1082 1073 1730
1082 1074 2082
1082 1075 2512
1082 1077 2308
1082 1078 1527
1082 1081 575
1082 1082 0
1082 1084 1155
1082 1089 1525
1082 1090 1531
1082 1091 2310
1082 1094 2077
1084 1010 4363
1084 1012 1530
1084 1013 579
1084 1014 3212
1084 1017 4581
1084 1019 3514
1084 1020 2309
1084 1023 1994
1084 1024 2513
1084 1029 2003
1084 1031 2516
1084 1032 2647
1084 1033 4041
1084 1035 3054
1084 1037 2306
1084 1038 1000
1084 1040 3610
1084 1043 2518
1084 1046 1000
1084 1047 2078
1084 1048 3217
1084 1049 3608
1084 1052 2884
1084 1056 5198
1084 1058 1156
1084 1065 1528
1084 1066 2515
1084 1071 4044
1084 1072 3213
1084 1073 2885
1084 1074 3002
1084 1075 2643
1084 1077 3056
1084 1078 2646
1084 1081 1730
1084 1082 1155
1084 1084 0
1084 1089 2084
1084 1090 580
1084 1091 3465
1084 1094 3210
1089 1010 2521
1089 1012 2001
1089 1013 1732
1089 1014 1992
1089 1017 2878
1089 1019 1730
1089 1020 1727
1089 1023 1524
1089 1024 2642
1089 1029 572
1089 1031 995
1089 1032 576
1089 1033 1996
1089 1035 1520
1089 1037 577
1089 1038 1530
1089 1040 2086
1089 1043 1533
1089 1046 1155
1089 1047 2077
1089 1048 1530
1089 1049 1527
1089 1052 997
1089 1056 3215
1089 1058 1002
1089 1065 1156
1089 1066 572
1089 1071 2308
1089 1072 1151
1089 1073 2076
1089 1074 1152
1089 1075 1154
1089 1077 998
1089 1078 1520
1089 1081 1525
1089 1082 1525
1089 1084 2084
1089 1089 0
1089 1090 2005
1089 1091 2509
1089 1094 2639
1090 1010 4046
1090 1012 2007
1090 1013 1006
1090 1014 3465
1090 1017 4726
1090 1019 3610
1090 1020 2649
1090 1023 1521
1090 1024 3000
1090 1029 2086
1090 1031 2648
1090 1032 2520
1090 1033 4001
1090 1035 3216
1090 1037 2080
1090 1038 578
1090 1040 3218
1090 1043 2082
1090 1046 1158
1090 1047 2517
1090 1048 2890
1090 1049 3515
1090 1052 2644
1090 1056 4935
1090 1058 1002
1090 1065 1156
1090 1066 2518
1090 1071 4169
1090 1072 3056
1090 1073 3217
1090 1074 3060
1090 1075 2307
1090 1077 3004
1090 1078 2889
1090 1081 2084
1090 1082 1531
1090 1084 580
1090 1089 2005
1090 1090 0
1090 1091 3790
1090 1094 3605
1091 1010 4356
1091 1012 2082
1091 1013 2886
1091 1014 575
1091 1017 1729
1091 1019 1521
1091 1020 1155
1091 1023 3989
1091 1024 1535
1091 1029 1998
1091 1031 1524
1091 1032 2639
1091 1033 2512
1091 1035 1152
1091 1037 3050
1091 1038 3604
1091 1040 4356
1091 1043 4040
1091 1046 2646
1091 1047 1533
1091 1048 3781
1091 1049 2644
1091 1052 3207
1091 1056 4577
1091 1058 3055
1091 1065 3508
1091 1066 2076
1091 1071 1520
1091 1072 2878
1091 1073 579
1091 1074 1726
1091 1075 3599
1091 1077 2302
1091 1078 1001
1091 1081 1734
1091 1082 2310
1091 1084 3465
1091 1089 2509
1091 1090 3790
1091 1091 0
1091 1094 585
1094 1010 4727
1094 1012 1725
1094 1013 2639
1094 1014 1000
1094 1017 2314
1094 1019 2000
1094 1020 996
1094 1023 4029
1094 1024 1000
1094 1029 2079
1094 1031 1729
1094 1032 2882
1094 1033 3001
1094 1035 1528
1094 1037 3209
1094 1038 3507
1094 1040 4618
1094 1043 4161
1094 1046 2512
1094 1047 1153
1094 1048 4038
1094 1049 3058
1094 1052 3458
1094 1056 5033
1094 1058 2997
1094 1065 3506
1094 1066 2305
1094 1071 2082
1094 1072 3209
1094 1073 576
1094 1074 2080
1094 1075 3780
1094 1077 2641
1094 1078 1156
1094 1081 1524
1094 1082 2077
1094 1084 3210
1094 1089 2639
1094 1090 3605
1094 1091 585
1094 1094 0
